100
32.0260000000000033537617128
31.9105000000000025295321393
31.9410000000000025011104299
31.8835000000000015063505998
31.8994000000000035299763113
31.9403333333333385724017717
31.9580000000000019610979507
31.9675000000000011368683772
31.9496666666666691014597745
31.9220000000000041495695768
31.8944545454545504981069826
31.9032500000000034390268411
31.9086153846153912638783368
31.9253571428571447654576332
31.9320000000000021600499167
31.9192500000000016768808564
31.9094705882352940307100653
31.9032222222222259233603836
31.9101052631578951945812150
31.9140500000000031377567211
31.9102380952380961787184788
31.9179545454545490201780922
31.9192173913043504285269591
31.9184166666666691014597745
31.9216800000000020531842893
31.9211153846153870006219222
31.9244814814814823478172912
31.9292499999999996873611963
31.9342758620689686210880609
31.9390000000000036095570977
31.9426129032258110385100736
31.9356875000000037800873542
31.9394545454545522034095484
31.9417647058823597205901024
31.9314571428571447597732913
31.9340555555555596356498427
31.9337837837837881238556292
32.0798684210526303672850190
32.0745128205128224863074138
32.0712500000000062527760747
32.0722682926829349980835104
32.0632142857142881098297948
32.0526976744186100631850422
32.0509545454545516918187786
32.0509333333333330529058003
32.0511956521739165282269823
32.0503829787234053583233617
32.0502083333333374071116850
32.0445306122448982932837680
32.0438400000000029876900953
32.0449803921568658893193060
32.0433846153846175752732961
32.0444905660377372669245233
32.0447407407407425239398435
32.0451636363636396254150895
32.0431428571428611462579283
32.0455789473684262702590786
32.0377241379310362390242517
32.0302881355932242968265200
32.0283000000000015461409930
32.0241967213114762103032263
32.0197741935483861652755877
32.0134285714285695689795830
32.0144218749999964757080306
32.0160461538461476038719411
32.0164090909090859327079670
32.0158059701492518911436491
32.0114264705882263228886586
32.0092028985507184302150563
32.0092714285714237121283077
32.0094647887323944246418250
32.0112916666666649234684883
32.0111506849315077261053375
32.0109054054054098514825455
32.0115600000000029012880987
32.0081052631578941713996755
32.0121038961038948400528170
32.0118717948717943500014371
32.0062784810126572665467393
32.0037124999999988972376741
32.0055679012345706269115908
32.0056829268292659662620281
32.0054578313253017540773726
32.0028214285714298625862284
32.0021529411764689143637952
32.0021046511627886843598390
32.0026436781609220361133339
32.0038295454545433926796250
32.0060000000000002273736754
32.0069333333333361224504188
32.0077802197802228079126508
32.0079456521739160734796315
32.0077419354838710319199890
32.0070851063829806548710621
32.0076526315789493537522503
32.0074062500000025011104299
32.0074226804123753709063749
32.0077448979591849820280913
32.0091919191919203058205312
32.0095800000000068052941060
32.010
0.0000000000000000000000000
100.0000000000000000000000000